yaw_lanelet_15: 2.5545058
yaw_lanelet: 2.307925
top_yaw: 0.261799 # 15 degree